<?xml version="1.0"?>
<opencv_storage>
<calibration_Time>"01/09/16 14:00:09"</calibration_Time>
<nrOfFrames>7</nrOfFrames>
<image_Width>2456</image_Width>
<image_Height>2058</image_Height>
<board_Width>9</board_Width>
<board_Height>6</board_Height>
<square_Size>2.6500000000000000e+001</square_Size>
<FixAspectRatio>1.</FixAspectRatio>
<!-- flags:  +fix_aspectRatio +fix_principal_point +zero_tangent_dist -->
<flagValue>14</flagValue>
<Camera_Matrix type_id="opencv-matrix">
  <rows>3</rows>
  <cols>3</cols>
  <dt>d</dt>
  <data>
    7.5220828723637933e+003 0. 1.2275000000000000e+003 0.
    7.5220828723637933e+003 1.0285000000000000e+003 0. 0. 1.</data></Camera_Matrix>
<Distortion_Coefficients type_id="opencv-matrix">
  <rows>5</rows>
  <cols>1</cols>
  <dt>d</dt>
  <data>
    -2.2559247838937296e-002 -1.6949298630580291e+001 0. 0.
    3.9035819976007957e+002</data></Distortion_Coefficients>
<Avg_Reprojection_Error>1.2507964506658602e+000</Avg_Reprojection_Error>
<Per_View_Reprojection_Errors type_id="opencv-matrix">
  <rows>7</rows>
  <cols>1</cols>
  <dt>f</dt>
  <data>
    6.44341588e-001 7.69803703e-001 6.37719333e-001 6.60357356e-001
    6.78957582e-001 7.63931394e-001 2.83836865e+000</data></Per_View_Reprojection_Errors>
<!-- a set of 6-tuples (rotation vector + translation vector) for each view -->
<Extrinsic_Parameters type_id="opencv-matrix">
  <rows>7</rows>
  <cols>6</cols>
  <dt>d</dt>
  <data>
    -4.7273444660980585e-001 7.6158581429079764e-001
    2.9198385230492665e+000 1.1552200767430959e+002
    7.1521548001656200e+001 9.2997691523960907e+002
    -1.1102726246641659e+000 -2.5646442960067195e-001
    2.8302176754101627e+000 4.7743675742802417e+001
    4.2432626882339541e+001 1.0438725296470716e+003
    -5.6305109995936908e-001 1.6332369279709721e-001
    -3.0224113409684654e+000 8.7953580927075492e+001
    8.4365627059399856e+001 8.5490961563438327e+002
    7.9351648874072833e-001 -2.0995499450452190e-001
    2.9980182475410819e+000 1.0120539424646164e+002
    6.8289109611922711e+001 8.6531785504127095e+002
    1.4960336264821553e-001 1.0794781751028644e+000
    2.8919963554919237e+000 1.0032259564649411e+002
    3.9771516859733239e+001 8.4721666444902382e+002
    -8.8834689619240637e-001 -1.4686966923202666e-001
    2.9498980228099652e+000 7.4614785462164406e+001
    6.7376862659577171e+001 9.8738347996209734e+002
    -9.0611926126338826e-001 -8.9076958155065022e-001
    -1.3435637583345375e+000 -6.6981016990469101e+001
    1.8122806453374711e+001 6.7297135066601345e+002</data></Extrinsic_Parameters>
<!-- a set of 6-tuples (rotation vector + translation vector) for each view -->
<dsdsdsds>7</dsdsdsds>
<Image_points type_id="opencv-matrix">
  <rows>7</rows>
  <cols>54</cols>
  <dt>"2f"</dt>
  <data>
    2.15663257e+003 1.60478943e+003 1.96288074e+003 1.61183240e+003
    1.76417371e+003 1.61909937e+003 1.56045081e+003 1.62629382e+003
    1.35347424e+003 1.63351648e+003 1.14219031e+003 1.64055920e+003
    9.25984131e+002 1.64794165e+003 7.06726257e+002 1.65488660e+003
    4.83981873e+002 1.66178723e+003 2.11196997e+003 1.41452124e+003
    1.92069092e+003 1.41863062e+003 1.72378162e+003 1.42365393e+003
    1.52234436e+003 1.42894092e+003 1.31693750e+003 1.43476587e+003
    1.10767603e+003 1.44014417e+003 8.94177063e+002 1.44521130e+003
    6.77591187e+002 1.45043469e+003 4.57439819e+002 1.45549731e+003
    2.06813306e+003 1.22813049e+003 1.87793384e+003 1.23106238e+003
    1.68287512e+003 1.23446240e+003 1.48356982e+003 1.23754651e+003
    1.28112024e+003 1.24042468e+003 1.07412573e+003 1.24391516e+003
    8.63139404e+002 1.24746338e+003 6.49199036e+002 1.25074988e+003
    4.31686188e+002 1.25417297e+003 2.02533936e+003 1.04479785e+003
    1.83643799e+003 1.04652942e+003 1.64342712e+003 1.04806787e+003
    1.44595349e+003 1.04967615e+003 1.24565430e+003 1.05131714e+003
    1.04108484e+003 1.05298279e+003 8.32545959e+002 1.05460376e+003
    6.21656860e+002 1.05602148e+003 4.07074219e+002 1.05748047e+003
    1.98318323e+003 8.67753418e+002 1.79677808e+003 8.67010010e+002
    1.60579773e+003 8.66617920e+002 1.41021448e+003 8.67050049e+002
    1.21193481e+003 8.67249268e+002 1.00986273e+003 8.67092468e+002
    8.03789246e+002 8.67093506e+002 5.95512268e+002 8.67177856e+002
    3.83318268e+002 8.68256897e+002 1.94071753e+003 6.96429321e+002
    1.75610669e+003 6.94078796e+002 1.56747607e+003 6.91656860e+002
    1.37461853e+003 6.89611328e+002 1.17868225e+003 6.87826233e+002
    9.79043396e+002 6.86363708e+002 7.75613525e+002 6.84931152e+002
    5.69873535e+002 6.83300537e+002 3.61149719e+002 6.81328857e+002
    1.57071729e+003 1.33414038e+003 1.43544397e+003 1.36759119e+003
    1.29454089e+003 1.40212439e+003 1.14825879e+003 1.43793823e+003
    9.97501587e+002 1.47508984e+003 8.41011658e+002 1.51324866e+003
    6.77957703e+002 1.55270325e+003 5.09864502e+002 1.59351697e+003
    3.35927948e+002 1.63551355e+003 1.56787439e+003 1.14746362e+003
    1.43316016e+003 1.17822827e+003 1.29160522e+003 1.20947351e+003
    1.14458362e+003 1.24228406e+003 9.91744812e+002 1.27576208e+003
    8.33856445e+002 1.31057532e+003 6.70121094e+002 1.34680725e+003
    5.00779327e+002 1.38404419e+003 3.25422363e+002 1.42243274e+003
    1.56514026e+003 9.58651672e+002 1.42841846e+003 9.85827759e+002
    1.28594653e+003 1.01388043e+003 1.13817554e+003 1.04322791e+003
    9.85883423e+002 1.07368262e+003 8.26817566e+002 1.10496338e+003
    6.62036804e+002 1.13757593e+003 4.91658325e+002 1.17121619e+003
    3.14957001e+002 1.20605225e+003 1.56336877e+003 7.67545227e+002
    1.42497180e+003 7.91421143e+002 1.28157019e+003 8.16150818e+002
    1.13254102e+003 8.41993774e+002 9.78967346e+002 8.68720337e+002
    8.19177979e+002 8.96501648e+002 6.53246826e+002 9.25434998e+002
    4.82538879e+002 9.55436096e+002 3.04998199e+002 9.86455994e+002
    1.56040186e+003 5.76090271e+002 1.42254346e+003 5.96772156e+002
    1.27867139e+003 6.18011353e+002 1.12827246e+003 6.40410400e+002
    9.73643860e+002 6.63453186e+002 8.13250732e+002 6.87643982e+002
    6.46341309e+002 7.12952026e+002 4.74079956e+002 7.38970276e+002
    2.94231323e+002 7.65895142e+002 1.55504578e+003 3.82407745e+002
    1.41650305e+003 3.99695007e+002 1.27260681e+003 4.17588593e+002
    1.12266260e+003 4.36353760e+002 9.67485413e+002 4.55810150e+002
    8.06033569e+002 4.76287445e+002 6.38435669e+002 4.97598267e+002
    4.65622101e+002 5.19845764e+002 2.86770050e+002 5.43266724e+002
    1.99878406e+003 1.76771936e+003 1.77738782e+003 1.74222803e+003
    1.55975012e+003 1.71653833e+003 1.34581287e+003 1.69113611e+003
    1.13675806e+003 1.66639246e+003 9.32534607e+002 1.64163721e+003
    7.32093384e+002 1.61691064e+003 5.36759888e+002 1.59276819e+003
    3.46256470e+002 1.56896301e+003 2.01221497e+003 1.54002991e+003
    1.78898938e+003 1.51683765e+003 1.57016895e+003 1.49334363e+003
    1.35505652e+003 1.47023169e+003 1.14560242e+003 1.44721777e+003
    9.40101624e+002 1.42464160e+003 7.38548035e+002 1.40244507e+003
    5.42864197e+002 1.38063293e+003 3.51401581e+002 1.35914758e+003
    2.02549927e+003 1.30954443e+003 1.80179053e+003 1.28794336e+003
    1.58205933e+003 1.26657263e+003 1.36577319e+003 1.24576062e+003
    1.15470422e+003 1.22541394e+003 9.48339722e+002 1.20517554e+003
    7.46284485e+002 1.18540112e+003 5.49466431e+002 1.16600208e+003
    3.57407257e+002 1.14697107e+003 2.03782849e+003 1.07638477e+003
    1.81343042e+003 1.05698706e+003 1.59313354e+003 1.03794531e+003
    1.37611072e+003 1.01925562e+003 1.16447131e+003 1.00112885e+003
    9.57395813e+002 9.83363831e+002 7.54254944e+002 9.66023010e+002
    5.56632202e+002 9.49261047e+002 3.63386505e+002 9.32511292e+002
    2.05054443e+003 8.43161987e+002 1.82475146e+003 8.25992310e+002
    1.60315039e+003 8.09285522e+002 1.38573914e+003 7.93009949e+002
    1.17365125e+003 7.77187317e+002 9.65599121e+002 7.61767151e+002
    7.61601013e+002 7.46948853e+002 5.63666199e+002 7.32490662e+002
    3.71061005e+002 7.18171265e+002 2.06385962e+003 6.07449707e+002
