<?xml version="1.0"?>
<opencv_storage>
<calibration_Time>"01/17/16 16:31:26"</calibration_Time>
<nrOfFrames>10</nrOfFrames>
<image_Width>2456</image_Width>
<image_Height>2058</image_Height>
<board_Width>9</board_Width>
<board_Height>6</board_Height>
<square_Size>2.6500000000000000e+001</square_Size>
<FixAspectRatio>1.</FixAspectRatio>
<!-- flags:  +fix_aspectRatio +fix_principal_point +zero_tangent_dist -->
<flagValue>14</flagValue>
<Camera_Matrix type_id="opencv-matrix">
  <rows>3</rows>
  <cols>3</cols>
  <dt>d</dt>
  <data>
    7.4468928023702874e+003 0. 1.2275000000000000e+003 0.
    7.4468928023702874e+003 1.0285000000000000e+003 0. 0. 1.</data></Camera_Matrix>
<Distortion_Coefficients type_id="opencv-matrix">
  <rows>5</rows>
  <cols>1</cols>
  <dt>d</dt>
  <data>
    -3.5745947865477651e-001 2.0566918121108763e+001 0. 0.
    -8.0610100895424409e+002</data></Distortion_Coefficients>
<Avg_Reprojection_Error>1.5853330328046822e+000</Avg_Reprojection_Error>
<Per_View_Reprojection_Errors type_id="opencv-matrix">
  <rows>10</rows>
  <cols>1</cols>
  <dt>f</dt>
  <data>
    2.96485662e+000 1.05752599e+000 1.12098205e+000 1.21508729e+000
    1.22385430e+000 1.21011472e+000 1.18353581e+000 1.19196296e+000
    1.23225057e+000 2.27790761e+000</data></Per_View_Reprojection_Errors>
<!-- a set of 6-tuples (rotation vector + translation vector) for each view -->
<Extrinsic_Parameters type_id="opencv-matrix">
  <rows>10</rows>
  <cols>6</cols>
  <dt>d</dt>
  <data>
    -9.8899527224015016e-001 -9.9412183375618235e-001
    -1.3992098846456458e+000 -1.0077683227047140e+002
    -1.1859110161900903e+000 9.4743112549543309e+002
    -3.7225880053090299e-002 2.5301548782618113e-002
    -4.9566696614555830e-002 -1.0178907458911358e+002
    -7.9601140368922856e+001 9.6594727408811275e+002
    4.1276473298256294e-003 1.0685765384111208e-002
    -5.6666483650861195e-002 -1.0265260048936713e+002
    -7.7001137910987580e+001 9.5613490504959066e+002
    -1.7678586028774472e-002 -2.8604294722254681e-001
    -1.0161477273829865e-002 -7.4036384090284713e+001
    -8.9427876921915299e+001 9.0340960000267410e+002
    -3.9430984765387714e-002 -2.8159477302994979e-001
    -2.2754027716238388e-002 -7.6084314485629676e+001
    -8.7164362858509776e+001 9.0936011993390434e+002
    -5.4204435687458828e-002 -2.7890595858026684e-001
    -2.4868056845827904e-002 -7.6872785211779970e+001
    -8.7573863570123336e+001 9.1317868700227291e+002
    -1.0246126181381401e-001 -2.6244695336957924e-001
    -3.3636984647829361e-002 -8.0464323403017119e+001
    -8.6407423284827587e+001 9.2518282078874529e+002
    -9.3773687163275526e-002 -2.6785452381783559e-001
    -4.1054834392181570e-002 -8.0595608770975034e+001
    -8.3112629309534967e+001 9.2211839602637326e+002
    -7.1993307707855933e-002 -2.8797556101388200e-001
    -5.1960060010601911e-002 -7.8795864505948572e+001
    -7.9399248962838655e+001 9.1627333561623118e+002
    -8.6755336796682936e-001 -9.9804457178894590e-001
    -1.3966081291931673e+000 -7.7080883694456148e+001
    -4.7690780368080055e+001 9.0957287838340267e+002</data></Extrinsic_Parameters>
<!-- a set of 6-tuples (rotation vector + translation vector) for each view -->
<dsdsdsds>10</dsdsdsds>
<Image_points type_id="opencv-matrix">
  <rows>10</rows>
  <cols>54</cols>
  <dt>"2f"</dt>
  <data>
    4.38152527e+002 1.02363690e+003 4.48406525e+002 9.63413269e+002
    4.58146362e+002 9.06140564e+002 4.67425812e+002 8.51564392e+002
    4.76271027e+002 7.99202454e+002 4.84647552e+002 7.49018555e+002
    4.92605591e+002 6.97827454e+002 5.00454742e+002 6.54445496e+002
    5.08321075e+002 6.17368164e+002 6.44645142e+002 1.01125488e+003
    6.49307007e+002 9.47740051e+002 6.54052917e+002 8.90621887e+002
    6.58457397e+002 8.36649841e+002 6.63060303e+002 7.88795715e+002
    6.67147827e+002 7.40458130e+002 6.71174744e+002 6.93368774e+002
    6.75030640e+002 6.50178406e+002 6.78696899e+002 6.09202576e+002
    8.52028198e+002 9.99588745e+002 8.51568420e+002 9.38656921e+002
    8.51249695e+002 8.82507446e+002 8.50807739e+002 8.28182739e+002
    8.50466309e+002 7.76001892e+002 8.50284302e+002 7.30531189e+002
    8.49802612e+002 6.81494812e+002 8.49530029e+002 6.35951660e+002
    8.49515198e+002 5.95413208e+002 1.06024207e+003 9.91364746e+002
    1.05427832e+003 9.27816650e+002 1.04882751e+003 8.72292358e+002
    1.04366748e+003 8.21321960e+002 1.03868054e+003 7.70731750e+002
    1.03407446e+003 7.24934631e+002 1.02935779e+003 6.72943787e+002
    1.02510803e+003 6.27356995e+002 1.02101758e+003 5.84692383e+002
    1.26661377e+003 9.79380066e+002 1.25547974e+003 9.17433167e+002
    1.24503674e+003 8.62683167e+002 1.23500061e+003 8.13826599e+002
    1.22557068e+003 7.66117310e+002 1.21638684e+003 7.15162659e+002
    1.20763147e+003 6.70551819e+002 1.19933472e+003 6.21412476e+002
    1.19146301e+003 5.81543762e+002 1.47335400e+003 9.71118774e+002
    1.45696436e+003 9.10924316e+002 1.44149768e+003 8.58607239e+002
    1.42655701e+003 8.07220337e+002 1.41253467e+003 7.56842224e+002
    1.39907813e+003 7.08960815e+002 1.38610559e+003 6.68618591e+002
    1.37393188e+003 6.20561890e+002 1.36226782e+003 5.77736633e+002
    4.45600433e+002 4.18729858e+002 6.47444641e+002 4.07361023e+002
    8.50314697e+002 3.96245728e+002 1.05484448e+003 3.85259460e+002
    1.25873303e+003 3.74267090e+002 1.46322510e+003 3.63571594e+002
    1.66847327e+003 3.53034912e+002 1.87274927e+003 3.43343658e+002
    2.07565430e+003 3.34493591e+002 4.53888153e+002 6.20180603e+002
    6.55682312e+002 6.08766479e+002 8.59263367e+002 5.97789856e+002
    1.06430798e+003 5.87072266e+002 1.26883167e+003 5.76866272e+002
    1.47374231e+003 5.66499329e+002 1.67913037e+003 5.56411438e+002
    1.88347144e+003 5.46358093e+002 2.08722192e+003 5.36844727e+002
    4.62684204e+002 8.23075684e+002 6.65163940e+002 8.12427246e+002
    8.68861572e+002 8.01927124e+002 1.07414844e+003 7.91239807e+002
    1.27896301e+003 7.80549927e+002 1.48396655e+003 7.70620667e+002
    1.68988733e+003 7.59764893e+002 1.89451526e+003 7.49633789e+002
    2.09902734e+003 7.39935486e+002 4.72180542e+002 1.02734814e+003
    6.74478699e+002 1.01701556e+003 8.78578735e+002 1.00664825e+003
    1.08414343e+003 9.96343262e+002 1.28906824e+003 9.86084351e+002
    1.49442981e+003 9.75724060e+002 1.70037915e+003 9.65368958e+002
    1.90520813e+003 9.55117432e+002 2.11011963e+003 9.44818726e+002
    4.81616180e+002 1.23044202e+003 6.84189270e+002 1.22049219e+003
    8.88478394e+002 1.21052490e+003 1.09422778e+003 1.20028271e+003
    1.29920422e+003 1.18989648e+003 1.50460120e+003 1.17962048e+003
    1.71041931e+003 1.16938550e+003 1.91532666e+003 1.15926563e+003
    2.12007666e+003 1.14879700e+003 4.92209595e+002 1.43407568e+003
    6.94760254e+002 1.42456958e+003 8.98895508e+002 1.41492114e+003
    1.10424048e+003 1.40496753e+003 1.30908936e+003 1.39499976e+003
    1.51475085e+003 1.38459021e+003 1.72008813e+003 1.37397156e+003
    1.92505359e+003 1.36386523e+003 2.12966577e+003 1.35342761e+003
    4.31516235e+002 4.32964600e+002 6.35466125e+002 4.20386261e+002
    8.40262817e+002 4.08078979e+002 1.04667517e+003 3.95767578e+002
    1.25242847e+003 3.83635773e+002 1.45831836e+003 3.71875183e+002
    1.66508362e+003 3.60251007e+002 1.87056201e+003 3.49336731e+002
    2.07446265e+003 3.38959076e+002 4.41999786e+002 6.36721619e+002
    6.45870422e+002 6.24179932e+002 8.51215820e+002 6.11952454e+002
    1.05791113e+003 5.99998596e+002 1.26398816e+003 5.88288818e+002
    1.47026135e+003 5.76587341e+002 1.67686743e+003 5.65300476e+002
    1.88223254e+003 5.53974365e+002 2.08685596e+003 5.43159180e+002
    4.53012451e+002 8.41676331e+002 6.57403137e+002 8.29753540e+002
    8.62696167e+002 8.17844238e+002 1.06953369e+003 8.05778748e+002
    1.27572705e+003 7.93763306e+002 1.48188269e+003 7.82464661e+002
    1.68878162e+003 7.70357544e+002 1.89446216e+003 7.58871033e+002
    2.09963306e+003 7.47773132e+002 4.64680939e+002 1.04760876e+003
